10
NEWLAYER
8
8
8
8
8
8
8
8
8
8
8
8
8
8
8
8
8
8
8
8
8
8
8
8
8
8
8
8
8
8
8
8
8
8
8
8
8
8
8
8
8
8
8
8
8
8
8
8
8
8
8
8
8
8
8
8
8
8
8
8
8
8
8
8
8
8
8
8
8
8
8
8
8
8
8
8
8
8
8
8
8
8
8
8
8
8
8
8
8
8
8
8
8
8
8
8
8
8
8
8
NEWLAYER
14
13
13
13
13
44
13
13
13
14
67
0
0
0
0
66
0
0
48
67
67
0
0
0
0
66
0
0
0
67
14
13
13
13
13
45
13
13
12
99
67
0
0
0
0
0
0
0
0
67
14
12
13
13
13
13
13
13
13
14
67
0
0
0
0
0
0
0
0
67
67
0
0
0
0
0
0
0
0
67
67
0
0
0
0
0
0
0
0
67
14
13
13
13
13
13
13
13
13
14
NEWLAYER
0
0
0
0
0
0
0
0
0
0
0
29
0
48
47
65
0
36
21
0
0
37
20
0
47
65
15
36
25
0
0
0
0
0
0
0
0
0
11
0
0
21
39
39
39
3
36
39
39
0
0
11
0
0
0
0
0
0
0
0
0
36
0
36
15
36
21
36
20
0
0
15
48
0
0
0
48
15
40
0
0
36
21
36
15
36
0
36
20
0
0
0
0
0
0
0
0
0
0
0
ENDOFFILE
