20
NEWLAYER
8
8
8
8
8
0
0
0
0
0
0
0
0
0
0
0
0
0
0
0
8
8
8
8
8
8
8
8
8
8
8
8
8
8
8
8
8
8
0
0
8
8
8
8
8
8
8
8
8
8
8
8
8
8
8
8
8
8
0
0
8
8
8
8
8
8
8
8
8
8
8
8
8
8
8
8
8
8
0
0
8
8
8
8
8
8
8
8
8
8
8
8
8
8
8
8
8
8
0
0
8
8
8
8
8
0
0
8
8
8
8
8
8
8
8
8
8
8
0
0
8
8
8
8
8
0
0
0
0
0
0
0
0
8
8
8
8
8
0
0
8
8
8
8
8
0
0
0
0
0
0
0
0
8
8
8
8
8
0
0
8
8
8
8
8
0
0
0
0
0
0
0
0
8
8
8
8
8
0
0
8
8
8
8
8
0
0
0
0
0
0
0
0
8
8
8
8
8
0
0
8
8
8
8
8
0
0
0
0
0
0
0
0
8
8
8
8
8
0
0
8
8
8
8
8
0
0
0
0
0
0
0
0
8
8
8
8
8
0
0
8
8
8
8
8
8
8
8
8
8
8
8
8
8
8
8
8
8
0
0
8
8
8
8
8
8
8
8
8
8
8
8
8
8
8
8
8
8
0
0
8
8
8
8
8
8
8
8
8
8
8
8
8
8
8
8
8
8
0
0
8
8
8
8
8
8
8
8
8
8
8
8
8
8
8
8
8
8
0
0
0
0
0
0
0
0
0
0
0
0
0
8
8
8
0
0
0
0
0
0
0
0
0
0
0
0
0
0
0
0
0
8
8
8
0
0
0
0
0
0
0
0
0
0
0
0
0
0
0
0
0
0
0
0
0
0
0
0
0
0
0
0
0
0
0
0
0
0
0
0
0
0
0
0
0
0
0
0
0
0
NEWLAYER
98
13
13
13
99
0
0
0
0
0
0
0
0
0
0
0
0
0
0
0
67
0
0
0
98
13
13
14
13
13
13
13
13
44
45
12
45
44
0
0
67
0
48
0
66
0
48
66
0
0
0
0
0
66
0
0
0
67
0
0
67
0
0
0
98
13
13
99
0
0
48
0
0
67
0
48
0
67
0
0
98
13
12
13
99
0
0
67
0
0
0
0
0
67
0
0
0
67
0
0
67
0
0
0
67
0
0
98
13
13
13
13
13
14
13
12
13
99
0
0
67
0
48
0
67
0
0
0
0
0
0
0
0
67
0
0
0
67
0
0
67
0
0
0
67
0
0
0
0
0
0
0
0
67
0
0
0
67
0
0
67
0
0
0
67
0
0
0
0
0
0
0
0
67
0
48
0
67
0
0
67
0
0
0
67
0
0
0
0
0
0
0
0
67
0
0
0
67
0
0
67
0
48
0
67
0
0
0
0
0
0
0
0
67
0
0
0
67
0
0
67
0
0
0
67
0
0
0
0
0
0
0
0
98
13
12
13
99
0
0
98
13
12
13
14
13
13
13
13
13
44
13
13
99
0
0
0
67
0
0
67
0
0
0
66
0
0
0
0
0
66
48
0
66
0
48
0
67
0
0
67
0
48
0
67
0
0
48
0
0
67
0
0
67
0
0
0
67
0
0
98
13
13
13
45
13
13
13
13
13
45
44
12
14
13
13
13
45
0
0
0
0
0
0
0
0
0
0
0
0
0
67
48
67
0
0
0
0
0
0
0
0
0
0
0
0
0
0
0
0
0
45
13
45
0
0
0
0
0
0
0
0
0
0
0
0
0
0
0
0
0
0
0
0
0
0
0
0
0
0
0
0
0
0
0
0
0
0
0
0
0
0
0
0
0
0
0
0
0
0
NEWLAYER
0
0
0
0
0
0
0
0
0
0
0
0
0
0
0
0
0
0
0
0
0
47
29
47
0
0
0
0
0
0
0
0
0
0
0
20
0
0
0
0
0
0
37
0
87
30
0
65
0
0
43
0
20
65
47
0
47
0
0
0
0
47
0
47
0
0
0
0
40
0
43
0
0
0
21
26
21
0
0
0
0
0
11
0
0
0
0
0
0
0
43
0
0
0
47
0
47
0
0
0
0
0
36
0
0
0
0
0
0
0
0
0
0
0
0
11
0
0
0
0
0
0
0
0
0
0
0
0
0
0
0
0
0
0
47
0
47
0
0
0
0
0
0
0
0
0
0
0
0
0
0
0
0
0
0
3
0
0
0
0
0
47
0
47
0
0
0
0
0
0
0
0
0
0
0
0
0
0
0
0
0
0
0
0
0
0
0
0
0
0
0
0
0
0
0
0
0
0
0
0
0
0
15
0
0
0
0
0
0
0
0
0
0
0
36
0
36
0
0
0
0
47
0
47
0
0
0
0
0
0
0
0
0
0
0
11
0
0
0
0
0
0
11
0
0
0
0
0
0
0
0
0
0
0
47
0
47
0
0
0
0
0
0
0
65
39
39
39
39
39
65
0
0
88
21
25
21
0
0
0
0
47
20
47
0
39
39
39
39
39
0
36
36
0
47
0
47
0
0
0
0
0
0
0
0
0
0
0
0
0
0
0
11
0
0
0
0
0
0
0
0
0
0
0
0
0
0
0
0
0
0
0
31
0
0
0
0
0
0
0
0
0
0
0
0
0
0
0
0
0
0
0
0
0
0
0
0
0
0
0
0
0
0
0
0
0
0
0
0
0
0
0
0
0
0
0
0
0
0
0
0
0
0
0
0
0
0
0
0
0
0
0
0
0
0
0
0
0
0
0
ENDOFFILE
