20
NEWLAYER
46
46
46
0
0
0
8
8
8
8
8
8
8
8
8
0
0
0
0
0
46
46
46
0
0
0
8
8
8
8
8
8
8
8
8
0
0
0
0
0
46
46
46
0
0
0
8
8
8
8
8
8
8
8
8
0
0
0
0
0
46
46
46
0
0
0
8
8
8
8
0
0
0
0
0
0
0
0
0
0
46
46
46
0
0
0
8
8
8
8
0
0
0
0
0
0
0
0
0
0
46
46
46
0
0
0
8
8
8
8
0
0
0
0
0
0
0
0
0
0
46
46
46
0
0
0
8
8
8
8
0
0
0
0
0
0
0
0
0
0
46
46
46
0
0
0
8
8
8
8
0
0
0
0
0
0
0
0
0
0
46
46
46
0
0
0
8
8
8
8
0
0
0
0
0
0
0
0
0
0
46
46
46
0
0
0
8
8
8
8
8
8
8
8
8
0
0
0
0
0
46
46
46
0
0
0
8
8
8
8
8
8
8
8
8
0
0
0
0
0
46
46
46
0
0
0
8
8
8
8
8
8
8
8
8
0
0
0
0
0
46
46
46
0
0
0
8
8
8
8
0
0
0
0
0
0
0
0
0
0
46
46
46
0
0
0
8
8
8
8
0
8
8
8
0
0
0
0
0
0
46
46
46
0
0
0
8
8
8
8
0
8
8
8
0
0
0
0
0
0
52
52
52
0
0
0
8
8
8
8
8
8
8
8
0
0
0
0
0
0
8
8
8
0
0
0
8
8
8
8
8
8
8
8
0
0
0
0
0
0
8
8
8
8
8
8
8
8
8
8
8
8
8
8
0
0
0
0
0
0
8
8
8
8
8
8
8
8
8
8
8
8
8
8
0
0
0
0
0
0
8
8
8
8
8
8
8
8
8
8
8
8
8
8
0
0
0
0
0
0
NEWLAYER
14
13
14
0
0
0
14
13
13
14
13
13
13
13
14
0
0
0
0
0
67
0
67
0
0
0
67
96
0
66
36
48
0
0
66
0
0
0
0
0
67
48
67
0
0
0
14
12
12
14
13
13
13
13
14
0
0
0
0
0
67
0
67
0
0
0
67
48
0
67
0
0
0
0
0
0
0
0
0
0
67
0
67
0
0
0
67
0
0
67
0
0
0
0
0
0
0
0
0
0
67
36
67
0
0
0
67
0
0
67
0
0
0
0
0
0
0
0
0
0
67
48
67
0
0
0
67
36
48
67
0
0
0
0
0
0
0
0
0
0
67
0
67
0
0
0
67
0
43
67
0
0
0
0
0
0
0
0
0
0
67
0
67
0
0
0
67
0
0
67
0
0
0
0
0
0
0
0
0
0
67
36
67
0
0
0
14
13
12
14
13
13
13
13
44
0
0
0
0
0
67
0
67
0
0
0
67
48
36
66
36
48
36
0
67
0
0
0
0
0
67
0
67
0
0
0
14
12
13
14
13
13
13
13
45
0
0
0
0
0
67
0
67
0
0
0
67
43
0
67
0
0
0
0
0
0
0
0
0
0
67
41
67
0
0
0
67
0
48
67
0
14
13
14
0
0
0
0
0
0
67
48
67
0
0
0
67
36
36
67
0
67
39
67
0
0
0
0
0
0
67
36
67
0
0
0
67
48
0
98
13
14
12
14
0
0
0
0
0
0
14
12
14
0
0
0
67
0
43
67
51
66
20
67
0
0
0
0
0
0
67
0
98
13
13
13
14
12
12
14
12
14
12
14
0
0
0
0
0
0
67
48
66
96
48
96
66
36
48
66
43
67
37
67
0
0
0
0
0
0
14
13
14
13
13
13
14
13
13
45
13
14
13
14
0
0
0
0
0
0
NEWLAYER
0
0
0
0
0
0
0
0
0
0
0
0
0
0
0
0
0
0
0
0
0
29
0
0
0
0
0
0
15
65
0
21
3
31
0
0
0
0
0
0
0
0
0
0
0
0
0
34
11
0
0
0
0
0
0
0
0
0
0
0
0
0
0
0
0
0
0
39
39
0
0
0
0
0
0
0
0
0
0
0
0
0
0
0
0
0
0
21
21
0
0
0
0
0
0
0
0
0
0
0
0
0
0
0
0
0
0
15
15
0
0
0
0
0
0
0
0
0
0
0
0
0
0
0
0
0
0
0
0
0
0
0
0
0
0
0
0
0
0
0
0
0
0
0
0
0
0
0
0
0
0
0
0
0
0
0
0
0
0
0
0
0
0
0
0
0
0
39
39
0
0
0
0
0
0
0
0
0
0
0
0
0
0
0
0
0
0
0
11
0
0
0
0
0
0
0
0
0
0
0
0
0
0
0
0
0
0
39
0
65
0
20
0
25
0
0
0
0
0
0
0
0
0
0
0
0
0
0
0
0
0
0
0
0
0
0
0
0
0
0
0
15
0
0
0
0
0
0
15
0
0
0
0
0
0
0
0
0
0
0
0
0
0
0
0
0
0
15
0
0
0
0
0
0
0
0
0
0
0
0
0
0
0
0
0
0
0
0
0
0
0
0
0
0
0
0
0
0
0
0
0
0
0
0
0
0
0
0
15
0
0
0
34
0
0
0
0
0
0
0
0
11
0
0
0
0
0
20
0
0
36
65
0
0
0
0
0
0
0
0
0
15
0
0
0
0
0
0
0
0
11
0
0
0
0
0
0
0
0
0
0
20
0
0
15
0
0
0
15
0
0
0
0
0
0
0
0
0
0
0
0
0
0
0
0
0
0
0
0
0
0
0
0
0
0
0
0
0
0
0
ENDOFFILE
