20
NEWLAYER
8
8
8
8
8
8
8
8
8
8
8
8
8
8
8
8
0
0
0
0
8
8
8
8
8
8
8
8
8
8
8
8
8
8
8
8
0
0
0
0
8
8
8
8
8
8
8
8
8
8
8
8
8
8
8
8
0
0
0
0
8
8
8
8
8
8
8
8
8
8
8
8
8
8
8
8
0
0
0
0
8
8
8
8
8
8
8
8
8
8
8
8
8
8
8
8
0
0
0
0
8
8
8
8
8
0
0
0
0
0
8
8
8
8
8
8
0
0
0
0
8
8
8
8
8
0
0
0
0
0
8
8
8
8
8
8
0
0
0
0
8
8
8
8
8
0
0
0
0
0
8
8
8
8
8
8
0
0
0
0
8
8
8
8
8
8
0
0
0
0
8
8
8
8
8
8
0
0
0
0
0
0
0
0
0
8
8
8
8
8
8
8
8
8
8
8
8
8
8
8
0
0
0
0
0
8
8
8
8
8
8
8
8
8
8
8
8
8
8
8
0
0
0
0
0
8
8
8
8
8
8
8
8
8
8
8
8
8
8
8
0
0
0
0
0
0
0
0
0
0
8
8
8
8
8
8
0
0
0
0
0
0
0
0
0
0
0
0
0
0
8
8
8
8
8
8
0
0
0
0
0
0
0
8
8
8
8
8
8
8
8
8
8
8
8
8
0
0
0
0
0
0
0
8
8
8
8
8
8
8
8
8
8
8
8
8
0
0
0
0
0
0
0
8
8
8
8
8
8
8
8
8
8
8
8
8
0
0
0
0
0
0
0
0
0
0
0
0
0
0
8
8
8
8
8
8
0
0
0
0
0
0
0
0
0
0
0
0
0
0
8
8
8
8
8
8
0
0
0
0
0
0
0
0
0
0
0
0
0
0
8
8
8
8
8
8
0
0
0
0
NEWLAYER
14
13
13
13
14
13
13
13
13
13
13
13
13
13
13
14
0
0
0
0
67
48
0
0
67
0
0
0
0
0
0
0
0
0
0
67
0
0
0
0
67
0
0
0
66
0
48
0
0
0
48
0
0
0
48
67
0
0
0
0
67
0
0
0
67
0
0
0
0
0
0
0
0
0
0
67
0
0
0
0
14
13
12
13
14
13
13
13
13
13
44
13
13
13
12
14
0
0
0
0
67
0
0
0
67
0
0
0
0
0
67
0
0
0
0
67
0
0
0
0
67
0
0
0
67
0
0
0
0
0
67
0
0
0
0
67
0
0
0
0
67
0
50
0
67
0
0
0
0
0
67
0
48
0
0
67
0
0
0
0
14
13
13
13
14
0
0
0
0
0
67
0
0
0
0
67
0
0
0
0
0
0
0
0
0
0
14
13
13
13
99
0
0
0
0
98
13
13
13
14
0
0
0
0
0
0
67
49
8
0
66
0
0
0
0
66
0
0
49
67
0
0
0
0
0
0
14
13
13
13
99
0
0
0
0
98
13
13
13
14
0
0
0
0
0
0
0
0
0
0
67
0
48
0
0
67
0
0
0
0
0
0
0
0
0
0
0
0
0
0
67
0
0
0
0
67
0
0
0
0
0
0
0
14
13
13
13
13
13
13
99
0
0
0
0
67
0
0
0
0
0
0
0
67
48
0
0
0
0
0
66
0
0
0
0
67
0
0
0
0
0
0
0
14
13
13
13
13
13
13
99
0
48
0
0
67
0
0
0
0
0
0
0
0
0
0
0
0
0
0
98
13
12
12
13
99
0
0
0
0
0
0
0
0
0
0
0
0
0
0
67
0
0
0
0
67
0
0
0
0
0
0
0
0
0
0
0
0
0
0
98
13
13
13
13
99
0
0
0
0
NEWLAYER
0
0
0
0
0
0
0
0
0
0
0
0
0
0
0
0
0
0
0
0
0
31
36
0
0
36
15
0
0
43
47
43
0
0
21
0
0
0
0
0
0
36
36
0
88
0
0
0
0
43
25
43
0
0
20
0
0
0
0
0
0
21
0
29
0
36
15
0
0
43
47
43
0
0
21
0
0
0
0
0
0
0
33
0
0
0
0
0
0
0
0
0
0
0
11
0
0
0
0
0
0
36
40
36
0
0
0
0
0
0
0
47
0
0
0
0
0
0
0
0
0
96
37
96
0
0
0
0
0
0
0
3
0
0
3
0
0
0
0
0
0
36
42
36
0
0
0
0
0
0
0
0
0
0
0
0
0
0
0
0
0
0
0
0
0
0
0
0
0
0
0
0
0
0
0
0
0
0
0
0
0
0
0
0
0
0
0
0
0
0
0
47
0
0
96
0
0
0
0
0
0
0
0
0
0
0
0
20
40
40
65
0
0
0
0
87
96
26
40
0
0
0
0
0
0
0
0
0
0
0
0
47
0
0
0
0
0
0
0
0
0
0
0
0
0
0
0
0
0
0
0
15
0
0
15
0
0
0
0
0
0
0
0
0
0
0
0
0
0
0
0
0
0
0
96
0
0
0
0
0
0
0
0
0
0
0
0
0
0
0
0
0
0
0
21
0
0
0
0
0
0
0
0
0
30
36
15
36
15
36
65
15
0
0
15
0
0
0
0
0
0
0
0
0
0
0
0
0
0
0
0
47
21
21
47
0
0
0
0
0
0
0
0
0
0
0
0
0
0
0
0
0
33
33
0
0
0
0
0
0
0
0
0
0
0
0
0
0
0
0
0
39
39
39
39
0
0
0
0
0
0
0
0
0
0
0
0
0
0
0
0
0
0
0
0
0
0
0
0
0
ENDOFFILE
